p1x	p1y	p2x	p2y	p3x	p3y	v1x	v1y	v2x	v2y	v3x	v3y	Energy	Ang_mom	time
-1.0	0.0	1.0	0.0	0.3471	0.5327	0.3471	0.5327	0	0	0.0
-0.9964471446889381	0.005326999999999999	1.0034231338400266	0.005326999999999999	-0.6843230700367511	-1.0655106886002264	-0.6948076656051763	-1.0654574304975317	0	0	0.01
-1.0032218375721085	-0.005329213772004528	0.9964387490454878	-0.005328148609950636	-0.6772292284796702	-1.0651790547306865	-0.6902448123341287	-1.0651258102342067	0	0	0.02
-1.0099110548128838	-0.01598211111327592	0.9894892201276234	-0.01597998106129243	-0.6715841303785683	-1.064847417536435	-0.6846030563261275	-1.0647941793037907	0	0	0.03
-1.0165437994966642	-0.02663169209709377	0.9825960969248918	-0.02662849728045739	-0.6659359381135384	-1.0645157418814277	-0.678958208137564	-1.0644625099261515	0	0	0.04
-1.0231200406704388	-0.0372779563387784	0.9757594103506367	-0.0372736968830365	-0.6602846482978252	-1.0641840277357306	-0.6733102643833828	-1.0641308020713798	0	0	0.05
-1.029639747347322	-0.04792090345335066	0.9689791913520425	-0.04791557948432174	-0.6546302575392177	-1.0638522750693669	-0.6676592216730731	-1.0637990557095225	0	0	0.06
-1.0361028885064993	-0.05856053305553146	0.962255470910188	-0.05855414469930565	-0.6489727624400368	-1.063520483852316	-0.662005076610659	-1.0634672708105828	0	0	0.07
-1.042509433093173	-0.06919684475974135	0.9555882800401019	-0.06918939214268087	-0.6433121595971241	-1.0631886540545128	-0.6563478257946861	-1.06313544734452	0	0	0.08
-1.0488593500185068	-0.07982983818010007	0.9489776497908168	-0.07982132142883974	-0.6376484456018304	-1.0628567856458486	-0.6506874658182116	-1.0628035852812499	0	0	0.09
-1.0551526081595715	-0.09045951293042614	0.9424236112454245	-0.09044993217187383	-0.6319816170400042	-1.0625248785961707	-0.6450239932687915	-1.0624716845906432	0	0	0.1
-1.0613891763592893	-0.10108586862423638	0.935926195521131	-0.10107522398557352	-0.6263116704919797	-1.062192932875282	-0.6393574047284695	-1.0621397452425276	0	0	0.11
-1.0675690234263793	-0.11170890487474548	0.9294854337693114	-0.11169719648342753	-0.6206386025325652	-1.0618609484529409	-0.6336876967737656	-1.0618077672066857	0	0	0.12
-1.0736921181353014	-0.12232862129486557	0.9231013571755651	-0.12231584927862252	-0.614962409731032	-1.061528925298862	-0.6280148659756637	-1.0614757504528565	0	0	0.13
-1.0797584292262024	-0.13294501749720578	0.9167739969597716	-0.1329311819840426	-0.6092830886511021	-1.0611968633827153	-0.6223389088996006	-1.0611436949507342	0	0	0.14
-1.0857679254048587	-0.14355809309407172	0.9105033843761453	-0.14354319421226894	-0.6036006358509366	-1.0608647626741259	-0.616659822105454	-1.0608116006699684	0	0	0.15
-1.091720575342622	-0.1541678476974652	0.9042895507132915	-0.15415188557557927	-0.5979150478831241	-1.0605326231426744	-0.6109776021475306	-1.0604794675801645	0	0	0.16
-1.0976163476763634	-0.16477428091908358	0.8981325272942621	-0.16475725568594746	-0.5922263212946686	-1.0602004447578972	-0.6052922455745544	-1.060147295650883	0	0	0.17
-1.1034552110084168	-0.1753773923703195	0.892032345476611	-0.17535930415504308	-0.5865344526269781	-1.0598682274892852	-0.599603748929655	-1.0598150848516397	0	0	0.18
-1.1092371339065237	-0.1859771816622603	0.8859890366524507	-0.18595803059423097	-0.5808394384158522	-1.059535971306284	-0.5939121087503554	-1.0594828351519048	0	0	0.19
-1.1149620849037767	-0.19657364840568764	0.8800026322485075	-0.19655343461457073	-0.5751412751914707	-1.0592036761782953	-0.5882173215685609	-1.0591505465211046	0	0	0.2
-1.1206300324985639	-0.20716679221107703	0.8740731637261785	-0.2071455158268163	-0.5694399594783814	-1.058871342074675	-0.5825193839105457	-1.05881821892862	0	0	0.21
-1.1262409451545117	-0.2177566126885974	0.8682006625815873	-0.21773427384141558	-0.5637354877954883	-1.0585389689647335	-0.5768182922969426	-1.058485852343786	0	0	0.22
-1.1317947913004291	-0.2283431094481106	0.8623851603456409	-0.22831970826850984	-0.5580278566560396	-1.0582065568177368	-0.5711140432427303	-1.058153446735893	0	0	0.23
-1.1372915393302507	-0.238926282099171	0.8566266885840856	-0.23890181871793337	-0.5523170625676153	-1.0578741056029044	-0.5654066332572208	-1.0578210020741863	0	0	0.24
-1.1427311576029802	-0.24950613025102497	0.8509252788975641	-0.249480604799213	-0.5466031020321155	-1.057541615289411	-0.5596960588440485	-1.057488518327865	0	0	0.25
-1.1481136144426336	-0.2600826535126105	0.8452809629216721	-0.2600560661215676	-0.5408859715457485	-1.0572090858463858	-0.5539823165011568	-1.0571559954660836	0	0	0.26
-1.1534388781381821	-0.2706558514925568	0.8396937723270153	-0.2706282022939078	-0.5351656675990184	-1.056876517242912	-0.5482654027207876	-1.0568234334579498	0	0	0.27
-1.1587069169434958	-0.2812257237991835	0.8341637388192663	-0.2811970129248353	-0.5294421866767132	-1.0565439094480265	-0.5425453139894679	-1.0564908322725264	0	0	0.28
-1.1639176990772853	-0.2917922700405007	0.8286908941392218	-0.29176249762264245	-0.5237155252578921	-1.0562112624307214	-0.536822046787998	-1.0561581918788299	0	0	0.29
-1.1690711927230453	-0.30235548982420807	0.8232752700628597	-0.302324655995312	-0.5179856798158741	-1.0558785761599423	-0.5310955975914392	-1.0558255122458315	0	0	0.3
-1.1741673660289969	-0.3129153827576947	0.8179168984013968	-0.31288348765051643	-0.5122526468182247	-1.0555458506045883	-0.5253659628691018	-1.0554927933424554	0	0	0.31
-1.1792061871080304	-0.3234719484480385	0.8126158110013457	-0.32343899219561756	-0.5065164227267446	-1.0552130857335125	-0.5196331390845323	-1.0551600351375803	0	0	0.32
-1.1841876240376472	-0.3340251865020057	0.8073720397445732	-0.3339911692376661	-0.5007770039974571	-1.0548802815155223	-0.5138971226955025	-1.0548272376000387	0	0	0.33
-1.1891116448599024	-0.3445750965260504	0.8021856165483572	-0.34454001838340115	-0.4950343870805956	-1.054547437919378	-0.5081579101539951	-1.0544944006986163	0	0	0.34
-1.1939782175813463	-0.35512167812631423	0.7970565733654452	-0.3550855392392498	-0.4892885684205914	-1.0542145549137938	-0.5024154979061931	-1.054161524402053	0	0	0.35000000000000003
-1.1987873101729671	-0.3656649309086258	0.7919849421841123	-0.36562773141132654	-0.4835395444560612	-1.0538816324674372	-0.49666988239246634	-1.0538286086790414	0	0	0.36
-1.2035388905701327	-0.3762048544785001	0.7869707550282187	-0.376166594505433	-0.4777873116197944	-1.0535486705489288	-0.49092106004735936	-1.053495653498228	0	0	0.37
-1.2082329266725318	-0.3867414484411384	0.7820140439572684	-0.38670212812705723	-0.4720318663387414	-1.053215669126843	-0.48516902729957934	-1.0531626588282128	0	0	0.38
-1.212869386344116	-0.39727471240142725	0.7771148410664674	-0.3972343318813735	-0.4662732050340003	-1.0528826281697068	-0.4794137805719829	-1.0528296246375481	0	0	0.39
-1.217448237413041	-0.40780464596393856	0.7722731784867827	-0.4077632053732417	-0.460511324120805	-1.0525495476459998	-0.4736553162815643	-1.05249655089474	0	0	0.4
-1.2219694476716088	-0.41833124873292876	0.7674890883849999	-0.4182887482072067	-0.4547462200085119	-1.0522164275241557	-0.46789363083944224	-1.0521634375682472	0	0	0.41000000000000003
-1.2264329848762072	-0.42885452031233845	0.7627626029637827	-0.4288109599874982	-0.4489778891005881	-1.0518832677725605	-0.4621287206508476	-1.0518302846264818	0	0	0.42
-1.230838816747253	-0.4393744603057919	0.7580937544617318	-0.4393298403180301	-0.4432063277945982	-1.0515500683595522	-0.45636058211511055	-1.0514970920378077	0	0	0.43
-1.2351869109691314	-0.4498910683165967	0.7534825751534432	-0.44984538880239994	-0.4374315324821919	-1.0512168292534223	-0.4505892116256486	-1.0511638597705426	0	0	0.44
-1.2394772351901373	-0.46040434394774304	0.748929097349568	-0.4603576050438887	-0.43165349954909144	-1.0508835504224145	-0.4448146055699529	-1.0508305877929558	0	0	0.45
-1.2437097570224167	-0.4709142868019035	0.7444333533968714	-0.47086648864545994	-0.4258722253750783	-1.0505502318347246	-0.43903676032957617	-1.0504972760732691	0	0	0.46
-1.2478844440419061	-0.4814208964814324	0.7399953756782921	-0.48137203920975974	-0.42008770633398096	-1.0502168734585011	-0.4332556722801197	-1.0501639245796575	0	0	0.47000000000000003
-1.252001263788274	-0.49192417258836535	0.7356151966130015	-0.49187425633911586	-0.41429993879366206	-1.049883475261845	-0.4274713377912207	-1.0498305332802476	0	0	0.48
-1.2560601837648606	-0.502424114724419	0.7312928486564637	-0.5023731396355374	-0.40850891911600534	-1.0495500372128084	-0.42168375322653934	-1.0494971021431183	0	0	0.49
-1.2600611714386183	-0.51292072249099	0.7270283643004954	-0.5128686887007146	-0.40271464365690285	-1.0492165592793963	-0.4158929149437459	-1.0491636311363008	0	0	0.5
-1.2640041942400517	-0.5234139954891551	0.7228217760733252	-0.5233609031360178	-0.3969171087662422	-1.0488830414295656	-0.41009881929450803	-1.0488301202277777	0	0	0.51
-1.2678892195631577	-0.5339039333196705	0.7186731165396538	-0.5338497825424974	-0.3911163107878934	-1.048549483631224	-0.4043014626244774	-1.0484965693854835	0	0	0.52
-1.2717162147653653	-0.5443905355829711	0.7145824183007146	-0.5443353265208832	-0.3853122460596959	-1.0482158858522315	-0.3985008412732772	-1.0481629785773048	0	0	0.53
-1.2754851471674749	-0.5548738018791706	0.7105497139943333	-0.5548175346715841	-0.37950491091344596	-1.0478822480604002	-0.392696951574489	-1.0478293477710796	0	0	0.54
-1.2791959840535985	-0.5653537318080601	0.706575036294989	-0.5652964065946873	-0.37369430167488316	-1.047548570223493	-0.38688978985563954	-1.0474956769345978	0	0	0.55
-1.2828486926710985	-0.5758303249691087	0.7026584179138738	-0.575771941889958	-0.36788041466367755	-1.0472148523092242	-0.3810793524381879	-1.0471619660356002	0	0	0.56
-1.2864432402305275	-0.5863035809614621	0.6987998915989546	-0.5862441401568389	-0.3620632461934165	-1.0468810942852596	-0.37526563563751225	-1.0468282150417791	0	0	0.5700000000000001
-1.2899795939055674	-0.5967734993839426	0.6949994901350327	-0.5967130009944499	-0.3562427925715914	-1.0465472961192162	-0.36944863576289666	-1.0464944239207783	0	0	0.58
-1.2934577208329683	-0.6072400798350488	0.6912572463438058	-0.6071785240015872	-0.3504190500995848	-1.046213457778662	-0.36362834911751796	-1.0461605926401925	0	0	0.59
-1.2968775881124872	-0.6177033219129543	0.6875731930839282	-0.6176407087767233	-0.344592015072657	-1.0458795792311153	-0.35780477199843275	-1.0458267211675667	0	0	0.6
-1.3002391628068273	-0.6281632252155079	0.6839473632510725	-0.628099554918006	-0.3387616837799328	-1.0455456604440463	-0.35197790069656376	-1.0454928094703984	0	0	0.61
-1.3035424119415764	-0.6386197893402331	0.6803797897779909	-0.6385550620232582	-0.33292805250438817	-1.0452117013848752	-0.3461477314966869	-1.045158857516134	0	0	0.62
-1.306787302505145	-0.6490730138843273	0.6768705056345762	-0.6490072296899775	-0.32709111752283726	-1.044877702020973	-0.34031426067741793	-1.0448248652721719	0	0	0.63
-1.3099738014487057	-0.6595228984446613	0.6734195438279239	-0.6594560575153355	-0.32125087510591854	-1.0445436623196613	-0.3344774845111988	-1.0444908327058608	0	0	0.64
-1.3131018756861303	-0.6699694426177791	0.6700269374023937	-0.6699015450961774	-0.31540732151808176	-1.0442095822482118	-0.32863739926428454	-1.0441567597844994	0	0	0.65
-1.3161714920939287	-0.6804126459998975	0.6666927194396713	-0.6803436920290215	-0.3095604530175743	-1.0438754617738473	-0.32279400119672974	-1.0438226464753373	0	0	0.66
-1.3191826175111865	-0.6908525081869047	0.6634169230588305	-0.6907824979100585	-0.30371026585642813	-1.04354130086374	-0.3169472865623751	-1.043488492745574	0	0	0.67
-1.3221352187395028	-0.7012890287743611	0.6601995814163951	-0.7012179623351515	-0.2978567562804458	-1.0432070994850118	-0.31109725160883406	-1.0431542985623592	0	0	0.68
-1.3250292625429285	-0.7117222073574977	0.6570407277064017	-0.7116500848998351	-0.29199992052918716	-1.042872857604736	-0.305243892577479	-1.0428200638927931	0	0	0.6900000000000001
-1.3278647156479033	-0.7221520435312162	0.6539403951604611	-0.7220788651993147	-0.2861397548359558	-1.0425385751899348	-0.2993872057034279	-1.042485788703925	0	0	0.7000000000000001
-1.330641544743193	-0.7325785368900886	0.6508986170478219	-0.7325043028284669	-0.2802762554277854	-1.0422042522075803	-0.2935271872155307	-1.0421514729627546	0	0	0.71
-1.3333597164798274	-0.7430016870283559	0.6479154266754326	-0.7429263973818377	-0.27440941852542605	-1.041869888624594	-0.28766383333635553	-1.0418171166362313	0	0	0.72
-1.3360191974710371	-0.7534214935399286	0.6449908573880043	-0.7533451484536432	-0.26853924034333054	-1.0415354844078475	-0.28179714028217506	-1.0414827196912535	0	0	0.73
-1.3386199542921904	-0.7638379560183857	0.6421249425680741	-0.7637605556377683	-0.262665717089641	-1.0412010395241613	-0.2759271042629531	-1.0411482820946698	0	0	0.74
-1.3411619534807306	-0.7742510740569739	0.6393177156360677	-0.7741726185277668	-0.2567888449661744	-1.0408665539403055	-0.27005372148233026	-1.0408138038132777	0	0	0.75
-1.3436451615361125	-0.7846608472486079	0.6365692100503627	-0.7845813367168601	-0.2509086201684096	-1.0405320276229997	-0.2641769881376107	-1.0404792848138247	0	0	0.76
-1.3460695449197388	-0.7950672751858688	0.6338794593073523	-0.7949867097979376	-0.2450250388854731	-1.040197460538912	-0.2582969004197482	-1.0401447250630063	0	0	0.77
-1.3484350700548973	-0.8054703574610049	0.6312484969415084	-0.8053887373635555	-0.23913809730012506	-1.0398628526546594	-0.25241345451333186	-1.0398101245274678	0	0	0.78
-1.3507417033266962	-0.81587009366593	0.6286763565254453	-0.8157874190059368	-0.23324779158874562	-1.0395282039368081	-0.24652664659657292	-1.039475483173803	0	0	0.79
-1.3529894110820015	-0.8262664833922235	0.6261630716699835	-0.8261827543169702	-0.22735411792132101	-1.0391935143518736	-0.24063647284129022	-1.039140800968555	0	0	0.8
-1.355178159629372	-0.8366595262311299	0.6237086760242138	-0.8365747428882102	-0.22145707246142937	-1.0388587838663188	-0.23474292941289654	-1.038806077878215	0	0	0.81
-1.3573079152389955	-0.847049221773558	0.6213132032755607	-0.8469633843108763	-0.21555665136622684	-1.0385240124465567	-0.2288460124703844	-1.0384713138692243	0	0	0.8200000000000001
-1.3593786441426254	-0.8574355696100806	0.6189766871498477	-0.8573486781758523	-0.20965285078643356	-1.0381892000589468	-0.22294571816631228	-1.0381365089079702	0	0	0.8300000000000001
-1.3613903125335152	-0.8678185693309339	0.6166991614113604	-0.8677306240736861	-0.20374566686631942	-1.0378543466697985	-0.2170420426467902	-1.0378016629607905	0	0	0.84
-1.3633428865663544	-0.8781982205260171	0.6144806598629117	-0.878109221594589	-0.19783509574369018	-1.0375194522453686	-0.21113498205146586	-1.0374667759939697	0	0	0.85
-1.3652363323572043	-0.8885745227848917	0.6123212163459062	-0.8884844703284356	-0.19192113354987306	-1.0371845167518625	-0.2052245325135103	-1.037131847973742	0	0	0.86
-1.3670706159834327	-0.898947475696781	0.6102208647404052	-0.8988563698647625	-0.18600377640970267	-1.0368495401554327	-0.1993106901596039	-1.036796878866288	0	0	0.87
-1.368845703483649	-0.9093170788505699	0.6081796389651908	-0.9092249197927684	-0.1800830204415067	-1.0365145224221806	-0.19339345110992182	-1.0364618686377376	0	0	0.88
-1.3705615608576394	-0.9196833318348038	0.606197572977832	-0.9195901197013134	-0.17415886175709175	-1.0361794635181545	-0.1874728114781201	-1.0361268172541673	0	0	0.89
-1.3722181540663017	-0.9300462342376886	0.6042747007747492	-0.9299519691789185	-0.16823129646172894	-1.0358443634093513	-0.18154876737132106	-1.0357917246816029	0	0	0.9
-1.3738154490315795	-0.94040578564709	0.6024110563912795	-0.9403104678137649	-0.16230032065413946	-1.035509222061714	-0.17562131489009908	-1.0354565908860154	0	0	0.91
-1.3753534116363975	-0.9507619856505328	0.6006066739017424	-0.9506656151936937	-0.15636593042648042	-1.0351740394411337	-0.1696904501284662	-1.0351214158333253	0	0	0.92
-1.3768320077245948	-0.9611148338352008	0.5988615874195055	-0.9610174109062055	-0.15042812186433013	-1.0348388155134496	-0.1637561691738576	-1.0347861994893999	0	0	0.93
-1.37825120310086	-0.9714643297879356	0.5971758310970497	-0.9713658545384594	-0.14448689104667375	-1.0345035502444466	-0.15781846810711714	-1.034450941820053	0	0	0.9400000000000001
-1.379610963530665	-0.9818104730952368	0.595549439126036	-0.9817109456772727	-0.13854223404588895	-1.034168243599857	-0.15187734300248307	-1.0341156427910458	0	0	0.9500000000000001
-1.3809112547401987	-0.992153263343261	0.5939824457373704	-0.9920526839091207	-0.13259414692773103	-1.0338328955453608	-0.1459327899275731	-1.0337803023680872	0	0	0.96
-1.3821520424163012	-1.0024927001178217	0.592474885201271	-1.0023910688201358	-0.12664262575131852	-1.0334975060465845	-0.13998480494337018	-1.0334449205168321	0	0	0.97
-1.383333292206397	-1.0128287830043878	0.5910267918273341	-1.012726099996107	-0.12068766656911857	-1.0331620750691004	-0.13403338410420756	-1.0331094972028825	0	0	0.98
-1.384454969718429	-1.0231615115880843	0.5896381999646003	-1.0230577770224791	-0.11472926542693226	-1.0328266025784285	-0.12807852345775442	-1.0327740323917873	0	0	0.99
-1.385517040520791	-1.033490885453691	0.5883091440016217	-1.0333860994843531	-0.1087674183638798	-1.032491088540035	-0.12212021904500087	-1.0324385260490412	0	0	1.0
-1.3865194701422623	-1.0438169041856424	0.5870396583665282	-1.0437110669664846	-0.10280212141238583	-1.0321555329193313	-0.11615846690024338	-1.0321029781400857	0	0	1.01
-1.387462224071939	-1.0541395673680267	0.5858297775270944	-1.0540326790532841	-0.09683337059816464	-1.0318199356816766	-0.11019326305106995	-1.0317673886303085	0	0	1.02
-1.3883452677591681	-1.0644588745845858	0.5846795359908072	-1.0643509353288156	-0.09086116194020538	-1.0314842967923754	-0.1042246035183453	-1.0314317574850438	0	0	1.03
-1.38916856661348	-1.074774825418714	0.5835889683049325	-1.074665835376797	-0.08488549145075708	-1.031148616216678	-0.09825248431619592	-1.0310960846695711	0	0	1.04
-1.3899320860045212	-1.0850874194534579	0.5825581090565826	-1.084977378780599	-0.07890635513531387	-1.030812893919781	-0.09227690145199524	-1.0307603701491164	0	0	1.05
-1.3906357912619862	-1.0953966562715165	0.5815869928727839	-1.0952855651232443	-0.0729237489925999	-1.0304771298668265	-0.08629785092634872	-1.030424613888851	0	0	1.06
-1.3912796476755505	-1.1057025354552394	0.5806756544205447	-1.1055903939874077	-0.06693766901455446	-1.030141324022902	-0.08031532873307867	-1.0300888158538928	0	0	1.07
-1.3918636204948023	-1.1160050565866273	0.5798241284069224	-1.1158918649554155	-0.06094811118631685	-1.0298054763530409	-0.07432933085920945	-1.0297529760093038	0	0	1.08
-1.3923876749291746	-1.126304219247331	0.5790324495790923	-1.1261899776092443	-0.05495507148621136	-1.029469586822222	-0.06833985328495223	-1.029417094320093	0	0	1.09
-1.3928517761478774	-1.1366000230186504	0.5783006527244148	-1.136484731530521	-0.04895854588573212	-1.0291336553953685	-0.062346891983689916	-1.0290811707512133	0	0	1.1
-1.3932558892798286	-1.146892467481535	0.5776287726705044	-1.1467761263005227	-0.042958530349527985	-1.0287976820373494	-0.05635044292196204	-1.0287452052675634	0	0	1.11
-1.3935999794135867	-1.1571815522165827	0.5770168442852976	-1.1570641615001747	-0.036955020835387306	-1.0284616667129791	-0.05035050205944955	-1.0284091978339873	0	0	1.12
-1.393884011597281	-1.167467276804039	0.5764649024771221	-1.1673488367100513	-0.0309480132942227	-1.028125609387016	-0.044347065348959505	-1.0280731484152736	0	0	1.1300000000000001
-1.3941079508385437	-1.1777496408237973	0.5759729821947647	-1.1776301515103749	-0.024937503670055768	-1.0277895100241636	-0.03834012873640989	-1.0277370569761557	0	0	1.1400000000000001
-1.3942717621044405	-1.1880286438553975	0.5755411184275406	-1.187908105481015	-0.01892348790000174	-1.0274533685890699	-0.032329688160814204	-1.027400923481312	0	0	1.1500000000000001
-1.394375410321402	-1.198304285478026	0.5751693462053628	-1.1981826982014883	-0.012905961914254166	-1.0271171850463279	-0.026315739554266162	-1.0270647478953647	0	0	1.16
-1.3944188603751542	-1.2085765652705145	0.5748577005988104	-1.2084539292509575	-0.0068849216360694545	-1.0267809593604742	-0.020298278841924255	-1.0267285301828817	0	0	1.17
-1.394402077110649	-1.2188454828113404	0.5746062167191986	-1.2187217982082317	-0.0008603629817514474	-1.0264446914959906	-0.014277301941996305	-1.0263922703083739	0	0	1.18
-1.3943250253319945	-1.2291110376786256	0.5744149297186482	-1.2289863046517646	0.00516771813936406	-1.0261083814173018	-0.00825280476572399	-1.026055968236297	0	0	1.19
-1.3941876698023865	-1.2393732294501358	0.5742838747901544	-1.2392474481596547	0.011199325824924897	-1.0257720290887777	-0.002224783217367286	-1.0257196239310509	0	0	1.2
-1.393989975244037	-1.2496320577032805	0.574213087167658	-1.2495052283096448	0.01723446417957806	-1.0254356344747309	0.0038067668058110894	-1.025383237356979	0	0	1.21
-1.3937319063381057	-1.2598875220151118	0.574202602126114	-1.259759644679121	0.023273137314985315	-1.0250991975394186	0.00984184941356131	-1.0250468084783686	0	0	1.22
-1.3934134277246286	-1.2701396219623244	0.5742524549815625	-1.2700106968451128	0.029315349349838926	-1.0247627182470413	0.015880468722662088	-1.024710337259451	0	0	1.23
-1.3930345040024488	-1.2803883571212549	0.5743626810911988	-1.2802583843842916	0.03536110440987732	-1.0244261965617438	0.02192262885693639	-1.0243738236644013	0	0	1.24
-1.3925950997291452	-1.290633727067881	0.5745333158534435	-1.2905027068729709	0.04141040662790082	-1.0240896324476125	0.027968333947267193	-1.0240372676573368	0	0	1.25
-1.3920951794209624	-1.300875731377821	0.5747643947080135	-1.3007436638871055	0.047463260143787475	-1.0237530258686784	0.034017588131613256	-1.0237006692023192	0	0	1.26
-1.3915347075527398	-1.3111143696263334	0.5750559531359927	-1.3109812550022908	0.05351966910450886	-1.0234163767889155	0.04007039555502495	-1.0233640282633534	0	0	1.27
-1.3909136485578404	-1.3213496413883163	0.5754080266599024	-1.3212154797937625	0.059579637664146035	-1.0230796851722406	0.04612676036966021	-1.0230273448043867	0	0	1.28
-1.39023196682808	-1.331581546238307	0.5758206508437731	-1.3314463378363959	0.06564316998390533	-1.0227429509825128	0.05218668673480032	-1.0226906187893094	0	0	1.29
-1.3894896267136558	-1.3418100837504803	0.5762938612932151	-1.3416738287047052	0.07171027023213447	-1.0224061741835346	0.05825017881686602	-1.0223538501819553	0	0	1.3
-1.3886865925230754	-1.3520352534986497	0.5768276936554901	-1.3518979519728431	0.0777809425843385	-1.022069354739051	0.06431724078943343	-1.0220170389460999	0	0	1.31
-1.3878228285230845	-1.3622570550562658	0.5774221836195829	-1.3621187072146002	0.08385519122319579	-1.0217324926127491	0.07038787683325014	-1.0216801850454615	0	0	1.32
-1.3868982989385958	-1.3724754879964158	0.5780773669162725	-1.3723360940034044	0.08993302033857427	-1.021395587768259	0.07646209113625128	-1.0213432884437017	0	0	1.33
-1.385912967952617	-1.3826905518918227	0.5787932793182049	-1.3825501119123202	0.09601443412754747	-1.021058640169152	0.0825398878935757	-1.0210063491044228	0	0	1.34
-1.3848667997061783	-1.3929022463148453	0.5795699566399641	-1.3927607605140484	0.10209943679441073	-1.0207216497789424	0.08862127130758213	-1.0206693669911706	0	0	1.35
-1.3837597582982608	-1.4031105708374774	0.580407434738145	-1.4029680393809252	0.10818803255069752	-1.0203846165610861	0.09470624558786545	-1.0203323420674322	0	0	1.36
-1.3825918077857235	-1.413315525031347	0.5813057495114256	-1.4131719480849216	0.11428022561519559	-1.0200475404789806	0.1007948149512729	-1.0199952742966365	0	0	1.37
-1.3813629121832316	-1.4235171084677158	0.5822649369006391	-1.4233724861976438	0.12037602021396335	-1.0197104214959651	0.10688698362192049	-1.0196581636421547	0	0	1.3800000000000001
-1.3800730354631827	-1.433715320717479	0.583285032888847	-1.4335696532903308	0.12647542058034622	-1.0193732595753209	0.11298275583120927	-1.0193210100672987	0	0	1.3900000000000001
-1.378722141555635	-1.4439101613511645	0.5843660735014119	-1.4437634489338556	0.1325784309549932	-1.0190360546802695	0.11908213581784186	-1.0189838135353229	0	0	1.4000000000000001
-1.3773101943482338	-1.4541016299389313	0.5855080948060701	-1.4539538726987236	0.13868505558587302	-1.0186988067739753	0.12518512782783878	-1.0186465740094224	0	0	1.41
-1.375837157686138	-1.464289726050571	0.5867111329130054	-1.464140924155072	0.14479529872829097	-1.0183615158195425	0.13129173611455508	-1.018309291452734	0	0	1.42
-1.374302995371947	-1.474474449255505	0.5879752239749215	-1.47432460287267	0.1509091646449052	-1.018024181780017	0.13740196493869677	-1.0179719658283348	0	0	1.43
-1.3727076711656276	-1.484655799122786	0.5893004041871166	-1.4845049084209172	0.15702665760574347	-1.0176868046183851	0.1435158185683375	-1.017634597099243	0	0	1.44
-1.37105114878444	-1.4948337752210954	0.5906867097875562	-1.4946818403688438	0.16314778188821977	-1.0173493842975743	0.14963330127893523	-1.0172971852284187	0	0	1.45
-1.3693333919028632	-1.5050083771187441	0.5921341770569473	-1.5048553982851094	0.16927254177715098	-1.0170119207804524	0.1557544173533488	-1.0169597301787614	0	0	1.46
-1.3675543641525223	-1.5151796043836716	0.593642842318812	-1.5150255817380032	0.1754009415647736	-1.0166744140298278	0.1618791710818548	-1.0166222319131113	0	0	1.47
-1.3657140291221135	-1.5253474565834453	0.5952127419395624	-1.5251923902954425	0.18153298555076053	-1.016336864008449	0.16800756676216413	-1.0162846903942495	0	0	1.48
-1.3638123503573298	-1.5355119332852594	0.5968439123285741	-1.5353558235249727	0.187668678042238	-1.0159992706790046	0.1741396086994392	-1.015947105584897	0	0	1.49
-1.3618492913607867	-1.5456730340559353	0.5985363899382613	-1.5455158809937664	0.19380802335380226	-1.0156616340041238	0.18027530120631047	-1.015609477447715	0	0	1.5
-1.3598248155919472	-1.55583075846192	0.6002902112641509	-1.555672562268623	0.1999510258075367	-1.0153239539463752	0.1864146486028935	-1.0152718059453043	0	0	1.51
-1.3577388864670474	-1.5659851060692864	0.602105412844958	-1.5658258669159681	0.2060976897330287	-1.0149862304682677	0.19255765521680593	-1.014934091040207	0	0	1.52
-1.3555914673590208	-1.5761360764437322	0.6039820312626601	-1.5759757945018529	0.21224801946738672	-1.014648463532249	0.19870432538318447	-1.0145963326949023	0	0	1.53
-1.3533825215974238	-1.5862836691505793	0.6059201031425733	-1.586122344591953	0.21840201935525727	-1.0143106531007071	0.204854663444702	-1.0142585308718117	0	0	1.54
-1.3511120124683595	-1.5964278837547732	0.6079196651534263	-1.596265516751569	0.22455969374884213	-1.013972799135969	0.21100867375158458	-1.0139206855332945	0	0	1.55
-1.3487799032144034	-1.6065687198208825	0.6099807540074372	-1.6064053105456246	0.23072104700791543	-1.013634901600301	0.21716636066162887	-1.0135827966416497	0	0	1.56
-1.3463861570345266	-1.6167061769130981	0.6121034064603884	-1.6165417255386674	0.23688608349984092	-1.0132969604559088	0.22332772854021887	-1.0132448641591159	0	0	1.57
-1.3439307370840199	-1.6268402545952332	0.6142876593117026	-1.6266747612948667	0.24305480759958922	-1.0129589756649358	0.22949278176034374	-1.0129068880478693	0	0	1.58
-1.3414136064744187	-1.6369709524307219	0.616533549404519	-1.636804417378014	0.24922722368975503	-1.0126209471894658	0.23566152470261464	-1.012568868270027	0	0	1.59
-1.3388347282734254	-1.6470982699826189	0.6188411136257693	-1.6469306933515222	0.25540333616057465	-1.0122828749915203	0.24183396175528232	-1.012230804787643	0	0	1.6
-1.3361940655048345	-1.6572222068135989	0.6212103889062544	-1.6570535887784246	0.2615831494099432	-1.0119447590330595	0.24801009731425452	-1.0118926975627107	0	0	1.61
-1.333491581148455	-1.667342762485956	0.6236414122207203	-1.6671731032213748	0.2677666678434323	-1.0116065992759824	0.25418993578311333	-1.0115545465571625	0	0	1.62
-1.3307272381400332	-1.6774599365616032	0.6261342205879357	-1.6772892362426457	0.2739538958743074	-1.0112683956821256	0.2603734815731328	-1.011216351732868	0	0	1.6300000000000001
-1.3279009993711774	-1.6875737286020716	0.6286888510707679	-1.687401987404129	0.2801448379235453	-1.010930148213264	0.26656073910329614	-1.0108781130516356	0	0	1.6400000000000001
-1.3250128276892796	-1.6976841381685097	0.6313053407762607	-1.6975113562673347	0.2863394984198519	-1.0105918568311103	0.27275171280031413	-1.0105398304752113	0	0	1.6500000000000001
-1.3220626858974383	-1.7077911648216832	0.6339837268557112	-1.7076173423933902	0.29253788179967966	-1.0102535214973154	0.2789464070986417	-1.0102015039652792	0	0	1.6600000000000001
-1.3190505367543812	-1.7178948081219738	0.6367240465047476	-1.7177199453430403	0.2987399925072456	-1.0099151421734676	0.28514482644049644	-1.0098631334834616	0	0	1.67
-1.3159763429743876	-1.7279950676293792	0.6395263369634061	-1.7278191646766454	0.30494583499454864	-1.009576718821093	0.29134697527587605	-1.0095247189913175	0	0	1.68
-1.3128400672272107	-1.7380919429035115	0.6423906355162096	-1.7379149999541823	0.3111554137213878	-1.0092382514016545	0.2975528580625761	-1.009186260450344	0	0	1.69
-1.3096416721379993	-1.748185433503598	0.6453169794922448	-1.7480074507352426	0.31736873315537967	-1.0088997398765525	0.3037624792662078	-1.0088477578219752	0	0	1.7
-1.3063811202872198	-1.7582755389884792	0.6483054062652408	-1.758096516579032	0.3235857977719767	-1.008561184207125	0.3099758433602164	-1.0085092110675826	0	0	1.71
-1.303058374210578	-1.768362258916609	0.6513559532536475	-1.7681821970443712	0.32980661205448486	-1.0082225843546457	0.31619295482589843	-1.0081706201484741	0	0	1.72
-1.29967339639894	-1.7784455928460539	0.6544686579207136	-1.7782644916896926	0.33603118049408176	-1.0078839402803264	0.3224138181524202	-1.0078319850258952	0	0	1.73
-1.2962261492982543	-1.788525540334492	0.657643557774566	-1.788343400073042	0.34225950758983453	-1.0075452519453145	0.32863843783683555	-1.0074933056610276	0	0	1.74
-1.2927165953094726	-1.798602100939213	0.6608806903682877	-1.7984189217520774	0.3484915978487183	-1.0072065193106947	0.3348668183841043	-1.0071545820149896	0	0	1.75
-1.28914469678847	-1.808675274217117	0.6641800932999978	-1.8084910562840675	0.354727455785634	-1.0068677423374874	0.34109896430710995	-1.0068158140488364	0	0	1.76
-1.2855104160459674	-1.8187450597247143	0.6675418042129301	-1.8185598032258918	0.36096708592342663	-1.00652892098665	0.34733488012667835	-1.0064770017235587	0	0	1.77
-1.28181371534745	-1.8288114570181244	0.6709658607955126	-1.8286251621340401	0.36721049279290363	-1.0061900552190748	0.35357457037159545	-1.0061381450000841	0	0	1.78
-1.2780545569130892	-1.8388744656530753	0.6744523007814471	-1.8386871325646112	0.3734576809328531	-1.005851144995591	0.359818039578626	-1.0057992438392755	0	0	1.79
-1.2742329029176624	-1.8489340851849034	0.6780011619497893	-1.848745714073313	0.3797086548900621	-1.005512190276963	0.366065292292532	-1.005460298201932	0	0	1.8
-1.270348715490473	-1.8589903151685525	0.6816124821250282	-1.8588009062154613	0.3859634192193354	-1.005173191023891	0.3723163330660905	-1.0051213080487886	0	0	1.81
-1.2664019567152698	-1.8690431551585729	0.6852862991771665	-1.8688527085459798	0.3922219784835135	-1.004834147197011	0.37857116646011285	-1.0047822733405156	0	0	1.82
-1.2623925886301672	-1.8790926047091214	0.6890226510218009	-1.8789011206193984	0.39848433725349125	-1.004495058756893	0.38482979704346243	-1.0044431940377176	0	0	1.83
-1.2583205732275649	-1.88913866337396	0.6928215756202027	-1.8889461419898534	0.40475050010823665	-1.0041559256640438	0.3910922293930739	-1.004104070100936	0	0	1.84
-1.2541858724540662	-1.8991813307064556	0.6966831109793982	-1.8989877722110868	0.41102047163480926	-1.0038167478789042	0.39735846809397146	-1.003764901490647	0	0	1.85
-1.249988448210398	-1.9092206062595791	0.7006072951522497	-1.9090260108364454	0.4172942564283789	-1.0034775253618498	0.4036285177392875	-1.0034256881672607	0	0	1.86
-1.245728262351329	-1.9192564895859054	0.7045941662375369	-1.91906085741888	0.4235718590922446	-1.0031382580731911	0.4099023829302815	-1.0030864300911226	0	0	1.87
-1.2414052766855892	-1.929288980237612	0.7086437623800375	-1.9290923115109455	0.42985328423785285	-1.0027989459731739	0.41618006827635856	-1.0027471272225135	0	0	1.8800000000000001
-1.2370194529757876	-1.939318077766479	0.712756121770609	-1.939120372664799	0.43613853648481715	-1.0024595890219765	0.4224615783950887	-1.0024077795216473	0	0	1.8900000000000001
-1.2325707529383314	-1.949343781723887	0.7169312826462706	-1.9491450404322004	0.44242762046093626	-1.0021201871797134	0.42874691791222513	-1.0020683869486728	0	0	1.9000000000000001
-1.2280591382433435	-1.9593660916608187	0.7211692832902843	-1.9591663143645113	0.44872054080221346	-1.001780740406432	0.4350360914617237	-1.0017289494636736	0	0	1.9100000000000001
-1.2234845705145805	-1.9693850071278565	0.7254701620322375	-1.9691841940126937	0.45501730215287545	-1.001441248662114	0.44132910368576145	-1.001389467026666	0	0	1.92
-1.2188470113293508	-1.9794005276751823	0.7298339572481249	-1.9791986789273106	0.4613179091653916	-1.0011017119066747	0.4476259592347562	-1.0010499395976011	0	0	1.93
-1.214146422218432	-1.989412652852577	0.7342607073604311	-1.989209768658524	0.4676223665004927	-1.0007621300999632	0.45392666276738514	-1.0007103671363635	0	0	1.94
-1.209382764665988	-1.9994213822094202	0.7387504508382129	-1.9992174627560952	0.4739306788271904	-1.0004225032017617	0.46023121895060426	-1.000370749602771	0	0	1.95
-1.2045560001094873	-2.0094267152946887	0.743303226197182	-2.0092217607693836	0.48024285082279644	-1.000082831171786	0.4665396324596675	-1.000031086956575	0	0	1.96
-1.1996660899396183	-2.019428651656956	0.7479190719997885	-2.019222662247347	0.48655888717294143	-0.9997431139696853	0.47285190797814597	-0.9996913791574601	0	0	1.97
-1.1947129955002076	-2.0294271908443924	0.7525980268553033	-2.0292201667385386	0.492878792571595	-0.999403351555041	0.4791680501979474	-0.999351626165044	0	0	1.98
-1.1896966780881357	-2.0394223324047633	0.7573401294199023	-2.039214273791109	0.49920257172108445	-0.999063543887368	0.48548806381933535	-0.9990118279388772	0	0	1.99
-1.1846170989532543	-2.049414075885429	0.7621454183967489	-2.0492049829528054	0.5055302293321144	-0.9987236909261131	0.49181195355094864	-0.9986719844384429	0	0	2.0
-1.1794742192983012	-2.0594024208333446	0.7670139325360785	-2.0591922937709675	0.5118617701237868	-0.9983837926306567	0.4981397241098211	-0.9983320956231567	0	0	2.0100000000000002
-1.174268000278818	-2.069387366795058	0.7719457106352824	-2.069176205792531	0.5181971988236191	-0.9980438489603104	0.5044713802214008	-0.9979921614523672	0	0	2.02
-1.1689984030030647	-2.0793689133167113	0.7769407915389914	-2.0791567185640254	0.524536520167566	-0.9977038598743188	0.5108069266195698	-0.9976521818853545	0	0	2.0300000000000002
-1.1636653885319357	-2.0893470599440374	0.7819992141391605	-2.089133831631572	0.5308797389000368	-0.9973638253318577	0.5171463680466639	-0.9973121568813312	0	0	2.04
-1.1582689178788752	-2.099321806222361	0.7871210173751535	-2.099107544540885	0.5372268597739166	-0.997023745292036	0.5234897092534918	-0.9969720863994421	0	0	2.05
-1.152808952009793	-2.109293151696598	0.7923062402338272	-2.10907785683727	0.5435778875505856	-0.996683619713893	0.529836954999356	-0.9966319703987633	0	0	2.06
-1.1472854518429787	-2.1192610959112548	0.797554921749617	-2.119044768065624	0.5499328269999391	-0.9963434485564	0.5361881100520713	-0.9962918088383024	0	0	2.07
-1.141698378249017	-2.1292256384104262	0.8028671010046213	-2.1290082777704336	0.5562916829004071	-0.9960032317784601	0.5425431791879857	-0.995951601676999	0	0	2.08
-1.1360476920507026	-2.1391867787377965	0.8082428171286874	-2.1389683854957746	0.5626544600389746	-0.9956629693389069	0.5489021671919997	-0.9956113488737237	0	0	2.09
-1.1303333540229539	-2.1491445164366385	0.8136821092994966	-2.148925090785313	0.569021163211201	-0.9953226611965055	0.5552650788575866	-0.995271050387278	0	0	2.1
-1.1245553248927282	-2.1590988510498117	0.81918501674265	-2.1588783931823015	0.5753917972212411	-0.9949823073099514	0.5616319189868129	-0.9949307061763946	0	0	2.11
-1.118713565338935	-2.1690497821197625	0.8247515787317545	-2.168828292229581	0.5817663668818643	-0.9946419076378717	0.5680026923903572	-0.9945903161997369	0	0	2.12
-1.1128080359923507	-2.178997309188523	0.8303818345885089	-2.178774787469579	0.588144877014475	-0.9943014621388231	0.5743774038875317	-0.994249880415899	0	0	2.13
-1.1068386974355309	-2.1889414317977116	0.8360758236827899	-2.1887178784443093	0.5945273324491336	-0.9939609707712931	0.5807560583063021	-0.9939093987834056	0	0	2.14
-1.1008055102027252	-2.1988821494885307	0.841833585432739	-2.1986575646953703	0.6009137380245754	-0.9936204334936994	0.5871386604833071	-0.9935688712607113	0	0	2.15
-1.0947084347797897	-2.2088194618017662	0.8476551593048491	-2.208593845763946	0.6073040985882319	-0.9932798502643896	0.5935252152638796	-0.9932282978062008	0	0	2.16
-1.0885474316041006	-2.2187533682777882	0.8535405848140513	-2.218526721190804	0.6136984189962514	-0.9929392210416416	0.5999157275020671	-0.9928876783781895	0	0	2.17
-1.0823224610644664	-2.2286838684565486	0.8594899015238018	-2.2284561905162956	0.6200967041135187	-0.9925985457836624	0.6063102020606517	-0.9925470129349218	0	0	2.18
-1.076033483501041	-2.2386109618775816	0.8655031490461699	-2.2383822532803537	0.6264989588136762	-0.9922578244485889	0.6127086438111707	-0.992206301434572	0	0	2.19
-1.0696804592052358	-2.248534648080002	0.8715803670419249	-2.2483049090224934	0.6329051879791442	-0.9919170569944874	0.6191110576339374	-0.991865543835244	0	0	2.2
-1.0632633484196325	-2.2584549266025054	0.8777215952206241	-2.258224157281812	0.6393153965011414	-0.991576243379353	0.6255174484180617	-0.9915247400949704	0	0	2.21
-1.0567821113378943	-2.268371796983367	0.8839268733407006	-2.2681399975969856	0.6457295892797061	-0.9912353835611104	0.6319278210614706	-0.9911838901717137	0	0	2.22
-1.0502367081046786	-2.278285258760441	0.8901962412095517	-2.2780524295062716	0.6521477712237167	-0.990894477497613	0.6383421804709294	-0.990842994023365	0	0	2.23
-1.0436270988155478	-2.28819531147116	0.8965297386836266	-2.287961452547506	0.6585699472509122	-0.9905535251466425	0.6447605315620618	-0.990502051607744	0	0	2.24
-1.0369532435168813	-2.2981019546525343	0.9029274056685161	-2.297867066258102	0.6649961222879138	-0.9902125264659095	0.6511828792593717	-0.9901610628825992	0	0	2.25
-1.0302151022057864	-2.3080051878411507	0.9093892821190402	-2.307769270175052	0.6714263012702449	-0.9898714814130529	0.657609228496263	-0.9898200278056075	0	0	2.2600000000000002
-1.0234126348300092	-2.317905010573172	0.9159154080393378	-2.3176680638349243	0.6778604891423533	-0.9895303899456398	0.664039584215062	-0.9894789463343742	0	0	2.27
-1.0165458012878457	-2.3278014223843373	0.9225058234829554	-2.327563446773864	0.684298690857631	-0.9891892520211653	0.6704739513670372	-0.9891378184264324	0	0	2.2800000000000002
-1.009614561428052	-2.337694422809959	0.929160568552937	-2.3374554185275915	0.6907409113784361	-0.988848067597052	0.6769123349124209	-0.9887966440392434	0	0	2.29
-1.0026188750497553	-2.347584011384925	0.9358796834019135	-2.347343978631401	0.6971871556761139	-0.9885068366306506	0.6833547398204307	-0.9884554231301959	0	0	2.3000000000000003
-0.9955587019023628	-2.3574701876436954	0.9426632082321923	-2.3572291266201626	0.7036374287310181	-0.988165559079239	0.6898011710692904	-0.9881141556566062	0	0	2.31
-0.988434001685473	-2.3673529511203033	0.9495111832958476	-2.367110862028318	0.7100917355325318	-0.9878242349000225	0.6962516336462512	-0.9877728415757184	0	0	2.32
-0.9812447340487844	-2.3772323013483536	0.9564236488948106	-2.376989184389882	0.7165500810790895	-0.9874828640501334	0.7027061325476135	-0.9874314808447033	0	0	2.33
-0.9739908585920057	-2.387108237861022	0.9634006453809597	-2.386864093238442	0.7230124703781977	-0.9871414464866315	0.7091646727787478	-0.9870900734206594	0	0	2.34
-0.9666723348647648	-2.3969807601910547	0.9704422131562117	-2.3967355881071555	0.7294789084464577	-0.9867999821665026	0.715627259354117	-0.9867486192606112	0	0	2.35
-0.9592891223665175	-2.4068498678707675	0.9775483926726122	-2.4066036685287506	0.7359494003095852	-0.9864584710466596	0.7220938972972966	-0.9864071183215106	0	0	2.36
-0.951841180546457	-2.416715560432045	0.9847192244324269	-2.4164683340355255	0.742423951002434	-0.9861169130839416	0.7285645916409977	-0.9860655705602357	0	0	2.37
-0.9443284688034224	-2.4265778374063407	0.9919547489882329	-2.426329584159347	0.7489025655690161	-0.9857753082351141	0.7350393474270883	-0.9857239759335907	0	0	2.38
-0.9367509464858064	-2.436436698324674	0.9992550069430103	-2.43618741843165	0.7553852490625249	-0.9854336564568683	0.7415181697066145	-0.9853823343983065	0	0	2.39
-0.9291085728914646	-2.4462921427176325	1.0066200389502338	-2.446041836383437	0.7618720065453554	-0.9850919577058218	0.7480010635398232	-0.9850406459110396	0	0	2.4
-0.9214013072676229	-2.456144170115368	1.0140498857139648	-2.455892837545277	0.7683628430891272	-0.9847502119385179	0.7544880339961829	-0.9846989104283723	0	0	2.41
-0.9136291088107851	-2.4659927800475994	1.0215445879889438	-2.4657404214473058	0.7748577637747059	-0.9844084191114248	0.7609790861544062	-0.9843571279068127	0	0	2.42
-0.9057919366666407	-2.4758379720436086	1.029104186580682	-2.475584587619223	0.7813567736922259	-0.9840665791809369	0.7674742251024725	-0.9840152983027942	0	0	2.43
-0.8978897499299725	-2.485679745632242	1.0367287223455552	-2.4854253355902935	0.7878598779411113	-0.9837246921033728	0.7739734559376489	-0.9836734215726753	0	0	2.44
-0.889922507644563	-2.4955181003419087	1.0444182361908954	-2.495262664889346	0.794367081630099	-0.9833827578349769	0.7804767837665127	-0.98333149767274	0	0	2.45
-0.881890168803102	-2.5053530357005798	1.0521727690750846	-2.5050965750447722	0.8008783898772602	-0.9830407763319179	0.7869842137049741	-0.9829895265591966	0	0	2.46
-0.8737926923470929	-2.5151845512357878	1.0599923620076481	-2.5149270655845255	0.8073938078100233	-0.9826987475502893	0.7934957508782977	-0.9826475081881785	0	0	2.47
-0.865630037166759	-2.525012646474626	1.0678770560493476	-2.5247541360361216	0.8139133405651959	-0.982356671446109	0.8000114004211257	-0.9823054425157435	0	0	2.48
-0.8574021621009502	-2.534837320943748	1.075826892312275	-2.5345777859266363	0.8204369932889873	-0.9820145479753193	0.8065311674774994	-0.9819633294978737	0	0	2.49
-0.8491090259370486	-2.544658574169366	1.0838419119599467	-2.544398014782705	0.8269647711370305	-0.9816723770937864	0.8130550572008822	-0.9816211690904755	0	0	2.5
-0.8407505874108744	-2.55447640567725	1.091922156207398	-2.554214822130523	0.8334966792744056	-0.9813301587573002	0.8195830747541822	-0.9812789612493791	0	0	2.5100000000000002
-0.8323268052065912	-2.56429081499273	1.1000676663212767	-2.5640282074958445	0.8400327228756616	-0.9809878929215747	0.8261152253097742	-0.9809367059303387	0	0	2.52
-0.8238376379566119	-2.57410180164069	1.1082784836199382	-2.57383817040398	0.8465729071248393	-0.9806455795422473	0.8326515140495231	-0.9805944030890318	0	0	2.5300000000000002
-0.8152830442415033	-2.5839093651455722	1.1165546494735406	-2.5836447103797977	0.8531172372154946	-0.9803032185748781	0.839191946164806	-0.9802520526810592	0	0	2.54
-0.806662982589891	-2.593713505031373	1.1248962053041391	-2.593447826947722	0.85966571835072	-0.9799608099749512	0.8457365268565351	-0.9799096546619455	0	0	2.5500000000000003
-0.7979774114783643	-2.6035142208216437	1.1333031925857822	-2.603247519631733	0.8662183557431689	-0.9796183536978732	0.8522852613351815	-0.9795672089871377	0	0	2.56
-0.7892262893313804	-2.61331151203949	1.1417756528446064	-2.6130437879553643	0.8727751546150778	-0.9792758496989734	0.8588381548207966	-0.979224715612006	0	0	2.57
-0.7804095745211684	-2.6231053782075695	1.1503136276589327	-2.6228366314417046	0.8793361201982893	-0.9789332979335039	0.8653952125430363	-0.9788821744918431	0	0	2.58
-0.771527225367634	-2.632895818848093	1.158917158659362	-2.632626049613395	0.8859012577342749	-0.9785906983566389	0.8719564397411832	-0.9785395855818644	0	0	2.59
-0.7625792001382621	-2.642682833482822	1.167586287528872	-2.6424120419926282	0.892470572474159	-0.9782480509234751	0.8785218416641705	-0.9781969488372071	0	0	2.6
-0.7535654570480212	-2.6524664216330693	1.1763210560029131	-2.6521946081011505	0.8990440696787413	-0.9779053555890309	0.8850914235706047	-0.977854264212931	0	0	2.61
-0.7444859542592666	-2.6622465828196975	1.185121505869505	-2.661973747460257	0.9056217546185205	-0.9775626123082464	0.891665190728789	-0.9775115316640172	0	0	2.62
-0.7353406498816425	-2.672023316563118	1.1939876789693344	-2.671749459590793	0.9122036325737175	-0.9772198210359836	0.8982431484167468	-0.9771687511453688	0	0	2.63
-0.726129501971986	-2.681796622383292	1.2029196171958516	-2.6815217440131542	0.9187897088342984	-0.9768769817270258	0.9048253019222448	-0.9768259226118109	0	0	2.64
-0.7168524685342288	-2.6915664997997255	1.2119173624953676	-2.6912906002472834	0.9253799886999992	-0.9765340943360776	0.9114116565428166	-0.9764830460180891	0	0	2.65
-0.7075095075193	-2.7013329483314736	1.2209809568671528	-2.7010560278126716	0.9319744774803475	-0.9761911588177644	0.9180022175857865	-0.9761401213188703	0	0	2.66
-0.698100576825028	-2.711095967497137	1.2301104423635336	-2.710818026228357	0.9385731804946881	-0.9758481751266327	0.9245969903682928	-0.9757971484687428	0	0	2.67
-0.6886256342960423	-2.7208555568148602	1.2393058610899914	-2.720576595012923	0.9451761030722049	-0.9755051432171491	0.9311959802173113	-0.9754541274222147	0	0	2.68
-0.6790846377236752	-2.730611715802334	1.2485672552052607	-2.730331733684498	0.951783250551946	-0.9751620630437015	0.9377991924696797	-0.9751110581337158	0	0	2.69
-0.6694775448458632	-2.740364443976792	1.2578946669214275	-2.7400834417607562	0.9583946282828468	-0.9748189345605971	0.9444066324721209	-0.9747679405575952	0	0	2.7
-0.6598043133470479	-2.7501137408550096	1.2672881385040282	-2.749831718758914	0.9650102416237545	-0.9744757577220639	0.9510183055812671	-0.9744247746481227	0	0	2.71
-0.6500649008580774	-2.759859605953306	1.276747712272149	-2.7595765641957315	0.9716300959434512	-0.9741325324822493	0.957634217163684	-0.974081560359488	0	0	2.72
-0.6402592649561064	-2.76960203878754	1.2862734305985246	-2.769317977587511	0.9782541966206785	-0.9737892587952203	0.964254372595894	-0.9737382976458	0	0	2.73
-0.6303873631644968	-2.779341038873113	1.2958653359096384	-2.7790559584500953	0.9848825490441617	-0.9734459366149637	0.9708787772644012	-0.973394986461088	0	0	2.74
-0.6204491529527183	-2.789076605724963	1.3055234706858216	-2.7887905062988683	0.9915151586126337	-0.9731025658953852	0.9775074365657154	-0.9730516267592998	0	0	2.75
-0.6104445917362475	-2.7988087388575695	1.315247877461354	-2.798521620648753	0.9981520307348598	-0.9727591465903099	0.984140355906376	-0.972708218494303	0	0	2.7600000000000002
-0.6003736368764685	-2.8085374377849477	1.3250385988245634	-2.808249301014211	1.004793170829661	-0.9724156786534813	0.9907775407029767	-0.9723647616198836	0	0	2.77
-0.5902362456805716	-2.8182627020206517	1.3348956774179266	-2.817973546909243	1.011438584325939	-0.972072162038562	0.9974189963821898	-0.9720212560897469	0	0	2.7800000000000002
-0.5800323754014531	-2.8279845310777714	1.3448191559381701	-2.827694357847386	1.0180882766627013	-0.9717285966991324	1.0040647283807902	-0.971677701857516	0	0	2.79
-0.5697619832376137	-2.837702924468932	1.3548090771363712	-2.837411733341714	1.0247422532890853	-0.9713849825886917	1.0107147421456812	-0.9713340988767328	0	0	2.8000000000000003
-0.5594250263330577	-2.847417881706293	1.3648654838180592	-2.847125672904836	1.0314005196643816	-0.9710413196606569	1.0173690431339177	-0.9709904471008574	0	0	2.81
-0.5490214617771911	-2.857129402301549	1.3749884188433166	-2.856836176048896	1.0380630812580607	-0.970697607868363	1.024027636812731	-0.9706467464832675	0	0	2.82
-0.5385512466047202	-2.866837485765927	1.385177925126881	-2.8665432422855717	1.0447299435497968	-0.9703538471650625	1.0306905286595553	-0.970302996977259	0	0	2.83
-0.5280143377955491	-2.8765421316101856	1.3954340456382472	-2.8762468711260745	1.0514011120294926	-0.970010037503925	1.0373577241620504	-0.9699591985360446	0	0	2.84
-0.5174106922746778	-2.8862433393446163	1.4057568234017697	-2.885947062081147	1.0580765921973048	-0.969666178838038	1.0440292288181279	-0.9696153511127549	0	0	2.85
-0.5067402669120998	-2.8959411084790396	1.4161463014967641	-2.895643814661065	1.0647563895636682	-0.9693222711204053	1.0507050481359754	-0.9692714546604372	0	0	2.86
-0.4960030185226988	-2.905635438522807	1.4266025230576114	-2.905337128375633	1.0714405096493214	-0.9689783143039479	1.0573851876340823	-0.9689275091320559	0	0	2.87
-0.48519890386614606	-2.9153263289847984	1.4371255312738593	-2.9150270027341865	1.0781289579853317	-0.9686343083415031	1.0640696528412645	-0.9685835144804923	0	0	2.88
-0.474327879646797	-2.9250137793734217	1.447715369390327	-2.9247134372455896	1.0848217401131213	-0.9682902531858251	1.0707584492966904	-0.9682394706585434	0	0	2.89
-0.46338990251358786	-2.9346977891966124	1.4583720807072076	-2.9343964314182345	1.0915188615844904	-0.9679461487895835	1.0774515825499045	-0.9678953776189235	0	0	2.9
-0.45238492905993155	-2.944378357961832	1.4690957085801721	-2.944075984760041	1.0982203279616447	-0.9676019951053644	1.0841490581608544	-0.9675512353142619	0	0	2.91
-0.441312915823614	-2.954055485176068	1.479886296420474	-2.9537520967784547	1.1049261448172196	-0.9672577920856696	1.0908508816999154	-0.9672070436971048	0	0	2.92
-0.43017381928668963	-2.9637291703458324	1.4907438876950523	-2.9634247669804474	1.1116363177343067	-0.9669135396829164	1.0975570587479164	-0.9668628027199131	0	0	2.93
-0.41896759587537696	-2.9733994129771606	1.5016685259266371	-2.9730939948725155	1.118350852306478	-0.966569237849437	1.1042675948961653	-0.9665185123350636	0	0	2.94
-0.4076942019599537	-2.9830662125756118	1.5126602546938541	-2.9827597799606793	1.125069754137813	-0.9662248865374794	1.1109824957464745	-0.9661741724948482	0	0	2.95
-0.3963535938546517	-2.992729568646267	1.5237191176313294	-2.992422121750482	1.1317930288429239	-0.965880485699206	1.1177017669111875	-0.9658297831514737	0	0	2.96
-0.38494572781755165	-3.0023894806937292	1.5348451584297946	-3.00208101974699	1.1385206820469818	-0.9655360352866942	1.1244254140132042	-0.9654853442570622	0	0	2.97
-0.37347056005047763	-3.012045948222121	1.546038420836193	-3.011736473454789	1.1452527193857414	-0.9651915352519354	1.1311534426860057	-0.9651408557636495	0	0	2.98
-0.3619280466988911	-3.021698970735085	1.5572989486537847	-3.0213884823779873	1.151989146505568	-0.9648469855468357	1.1378858585736822	-0.9647963176231863	0	0	2.99
-0.35031814385178495	-3.0313485477357824	1.5686267857422531	-3.031037046020212	1.158729969063464	-0.964502386123215	1.1446226673309583	-0.9644517297875373	0	0	3.0
-0.338640807541577	-3.040994678726893	1.580021976017811	-3.040682163884609	1.1654751927270937	-0.964157736932807	1.151363874623218	-0.9641070922084811	0	0	3.0100000000000002
-0.3268959937440035	-3.0506373632106123	1.5914845634533068	-3.050323835473842	1.172224823174811	-0.9638130379272591	1.1581094861265335	-0.9637624048377099	0	0	3.02
-0.3150836583780124	-3.060276600688653	1.6030145920783323	-3.0599620602900917	1.1789788660956841	-0.9634682890581322	1.164859507527689	-0.9634176676268296	0	0	3.0300000000000002
-0.30320375730565574	-3.0699123906622434	1.614612105979329	-3.0695968378350558	1.1857373271895237	-0.9631234902768998	1.1716139445242082	-0.9630728805273591	0	0	3.04
-0.29125624633198277	-3.0795447326321255	1.6262771492996957	-3.079228167609947	1.1925002121669077	-0.962778641534949	1.1783728028243805	-0.9627280434907305	0	0	3.0500000000000003
-0.279241081204932	-3.089173626098555	1.638009766239896	-3.088856049115492	1.1992675267492092	-0.9624337427835794	1.185136088147288	-0.962383156468289	0	0	3.06
-0.26715821761522335	-3.0987990705613	1.6498100010575663	-3.098480481851931	1.206039276668622	-0.9620887939740028	1.1919038062228313	-0.9620382194112915	0	0	3.0700000000000003
-0.25500761119624993	-3.1084210655196416	1.661677898067624	-3.1081014653190184	1.2128154676681882	-0.9617437950573436	1.1986759627917576	-0.9616932322709084	0	0	3.08
-0.2427892175239696	-3.1180396104723704	1.6736135016423757	-3.117718999016019	1.2195961055018243	-0.9613987459846385	1.2054525636056854	-0.9613481949982216	0	0	3.09
-0.2305029921167962	-3.1276547049177883	1.6856168562116263	-3.1273330824417083	1.2263811959343487	-0.9610536467068351	1.212233614427134	-0.9610031075442247	0	0	3.1
-0.21814889043549063	-3.1372663483537058	1.6976880062627875	-3.1369437150943735	1.2331707447415077	-0.9607084971747937	1.2190191210295471	-0.9606579698598238	0	0	3.11
-0.20572686788305145	-3.1468745402774414	1.7098269963409876	-3.1465508964718096	1.2399647577100044	-0.9603632973392849	1.2258090891973241	-0.9603127818958356	0	0	3.12
-0.19323687980460544	-3.1564792801858217	1.72203387104918	-3.156154626071321	1.246763240637523	-0.9600180471509916	1.2326035247258427	-0.9599675436029887	0	0	3.13
-0.18067888148729777	-3.166080567575179	1.7343086750482541	-3.1657549033897183	1.2535661993327585	-0.9596727465605067	1.2394024334214893	-0.9596222549319225	0	0	3.14
-0.16805282816018194	-3.1756784019413518	1.7466514530571446	-3.17535172792332	1.260373639615443	-0.9593273955183341	1.246205821101685	-0.9592769158331872	0	0	3.15
-0.15535867499410932	-3.1852727827796836	1.759062249852942	-3.184945099167949	1.2671855673163728	-0.9589819939748884	1.2530136935949139	-0.9589315262572433	0	0	3.16
-0.14259637710161865	-3.194863709585021	1.7715411102710035	-3.1945350166189335	1.2740019882774365	-0.9586365418804939	1.2598260567407484	-0.9585860861544622	0	0	3.17
-0.12976588953682505	-3.2044511818517147	1.7840880792050633	-3.204121479771106	1.2808229083516414	-0.9582910391853856	1.2666429163898791	-0.9582405954751251	0	0	3.18
-0.1168671672953089	-3.214035199073616	1.7967032016073443	-3.213704488118802	1.2876483334031432	-0.9579454858397077	1.2734642784041421	-0.9578950541694229	0	0	3.19
-0.10390016531400431	-3.2236157607440776	1.809386522488669	-3.2232840411558583	1.2944782693072718	-0.9575998817935144	1.2802901486565448	-0.9575494621874566	0	0	3.2
-0.09086483847108748	-3.233192866355954	1.8221380869185713	-3.2328601383756133	1.3013127219505594	-0.9572542269967689	1.2871205330312954	-0.9572038194792365	0	0	3.21
-0.07776114158586461	-3.242766515401597	1.8349579400254088	-3.2424327792709056	1.3081516972307685	-0.9569085213993435	1.2939554374238307	-0.9568581259946816	0	0	3.22
-0.06458902941865968	-3.252336707372858	1.847846126996475	-3.2520019633340733	1.3149952010569217	-0.9565627649510193	1.3007948677408439	-0.9565123816836204	0	0	3.23
-0.0513484566707018	-3.2619034417610857	1.8608026930781114	-3.261567690056953	1.3218432393493258	-0.9562169576014866	1.3076388299003119	-0.9561665864957901	0	0	3.24
-0.03803937798401244	-3.271466718057125	1.8738276835758205	-3.271129958930878	1.3286958180396033	-0.9558710993003433	1.3144873298315236	-0.9558207403808362	0	0	3.25
-0.024661747941292257	-3.281026535751317	1.8869211438543791	-3.2806887694466798	1.3355529430707198	-0.9555251899970959	1.3213403734751095	-0.9554748432883123	0	0	3.2600000000000002
-0.011215521065807704	-3.290582894333497	1.9000831193379515	-3.2902441210946844	1.3424146203970115	-0.9551792296411588	1.3281979667830686	-0.9551288951676806	0	0	3.27
0.002299348178722682	-3.300135793292995	1.913313655510203	-3.2997960133647126	1.3492808559842147	-0.9548332181818538	1.3350601157187967	-0.9547828959683106	0	0	3.2800000000000002
0.01588290538824225	-3.3096852321186327	1.9266127979144143	-3.30934444574608	1.3561516558094924	-0.9544871555684105	1.341926826257116	-0.9544368456394792	0	0	3.29
0.02953519621847049	-3.319231210298725	1.939980592153595	-3.318889417727594	1.3630270258614656	-0.9541410417499652	1.3487981043843027	-0.954090744130371	0	0	3.3000000000000003
0.0432562663850176	-3.328773727321077	1.9534170838905989	-3.328430928797554	1.36990697214024	-0.953794876675562	1.355673956098116	-0.9537445913900778	0	0	3.31
0.0570461616634993	-3.338312782672985	1.966922318848238	-3.337968978443752	1.3767915006574352	-0.9534486602941505	1.362554387407827	-0.9533983873675976	0	0	3.3200000000000003
0.07090492788965197	-3.3478483758412323	1.9804963428093987	-3.3475035661534687	1.3836806174362133	-0.9531023925545882	1.369439404334247	-0.9530521320118356	0	0	3.33
0.08483261095944807	-3.357380506312093	1.9941392016171555	-3.3570346914134745	1.3905743285113081	-0.9527560734056377	1.3763290129097567	-0.952705825271603	0	0	3.34
0.09882925682921179	-3.3669091735713272	2.007850941174888	-3.366562353710028	1.397472639929055	-0.9524097027959681	1.3832232191783358	-0.9523594670956173	0	0	3.35
0.11289491151573511	-3.3764343771041814	2.021631607446397	-3.376086552528875	1.4043755577474177	-0.9520632806741544	1.390122029195591	-0.9520130574325015	0	0	3.36
0.127029621096394	-3.3859561163953877	2.0354812464560195	-3.3856072873552483	1.4112830880360203	-0.9517168069886766	1.3970254490287857	-0.951666596230785	0	0	3.37
0.14123343170926514	-3.395474390929163	2.049399904288746	-3.3951245576738653	1.418195236876174	-0.9513702816879201	1.4039334847568699	-0.9513200834389015	0	0	3.38
0.15550638955324253	-3.404989200189207	2.063387627090337	-3.404638362968929	1.425112010360909	-0.9510237047201758	1.4108461424705085	-0.9509735190051907	0	0	3.39
0.16984854088815493	-3.4145005436587024	2.0774444610674414	-3.4141487027241246	1.4320334145950007	-0.950677076033639	1.4177634282721112	-0.9506269028778968	0	0	3.4
0.1842599320348831	-3.424008420820314	2.0915704524877117	-3.4236555764226213	1.4389594556950025	-0.9503303955764093	1.4246853482758621	-0.9502802350051687	0	0	3.41
0.1987406093754777	-3.4335128311561864	2.1057656476799234	-3.433158983547069	1.445890139789274	-0.9499836632964912	1.4316119086077497	-0.9499335153350597	0	0	3.42
0.21329061935327717	-3.4430137741479445	2.1200300930340923	-3.4426589235795984	1.4528254730180101	-0.9496368791417927	1.4385431154055954	-0.9495867438155274	0	0	3.43
0.22791000847302628	-3.4525112492766916	2.134363835001593	-3.4521553960018205	1.459765461533272	-0.9492900430601258	1.4454789748190853	-0.9492399203944331	0	0	3.44
0.24259882330099458	-3.4620052560230095	2.148766920095278	-3.4616484002948247	1.4667101114990169	-0.9489431549992059	1.4524194930097982	-0.9488930450195415	0	0	3.45
0.25735711046509546	-3.471495793866956	2.1632393948895943	-3.471137935939178	1.4736594290911273	-0.9485962149066519	1.4593646761512369	-0.9485461176385214	0	0	3.46
0.2721849166550053	-3.4809828622880654	2.1777813060207065	-3.4806240024149244	1.4806134204974417	-0.9482492227299856	1.466314530428857	-0.9481991381989441	0	0	3.47
0.28708228862228313	-3.4904664607653464	2.1923927001866126	-3.4901065992015843	1.4875720919177844	-0.9479021784166313	1.4732690620400986	-0.9478521066482838	0	0	3.48
0.3020492731804903	-3.4999465887772816	2.207073624147266	-3.4995857257781524	1.4945354495639964	-0.9475550819139164	1.4802282771944155	-0.9475050229339178	0	0	3.49
0.3170859172053108	-3.509423245801827	2.2218241247246953	-3.509061381623098	1.5015034996599652	-0.9472079331690699	1.4871921821133063	-0.9471578870031253	0	0	3.5
0.33219226763467163	-3.5188964313164104	2.236644248803123	-3.5185335662143626	1.5084762484416556	-0.9468607321292234	1.494160783030344	-0.946810698803088	0	0	3.5100000000000002
0.3473683714688635	-3.5283661447979306	2.2515340433290887	-3.52800227902936	1.5154537021571404	-0.9465134787414099	1.5011340861912081	-0.946463458280889	0	0	3.52
0.36261427577066196	-3.5378323857227563	2.2664935553115684	-3.537467519544975	1.5224358670666307	-0.9461661729525641	1.5081120978537137	-0.9461161653835136	0	0	3.5300000000000002
0.37793002766544875	-3.5472951535667248	2.281522831822097	-3.5469292872375626	1.5294227494425066	-0.9458188147095217	1.5150948242878424	-0.945768820057848	0	0	3.54
0.3933156743413335	-3.5567544478051425	2.2966219199948883	-3.5563875815829467	1.5364143555693486	-0.9454714039590196	1.5220822717757743	-0.9454214222506797	0	0	3.5500000000000003
0.40877126304927575	-3.566210267912782	2.311790867026959	-3.5658424020564192	1.5434106917439678	-0.9451239406476954	1.5290744466119175	-0.9450739719086971	0	0	3.56
0.424296841103207	-3.5756626133638822	2.327029720178249	-3.575293748132739	1.5504117642754378	-0.944776424722087	1.5360713551029412	-0.9447264689784888	0	0	3.5700000000000003
0.4398924558801535	-3.5851114836321467	2.3423385267717456	-3.584741619286132	1.5574175794851255	-0.9444288561286327	1.5430730035678042	-0.9443789134065442	0	0	3.58
0.45555815482035933	-3.594556878190744	2.357717334193605	-3.5941860149902873	1.5644281437067222	-0.9440812348136707	1.5500793983377887	-0.9440313051392525	0	0	3.59
0.4712939854274093	-3.603998796512305	2.373166189893276	-3.60362693471836	1.5714434632862748	-0.9437335607234386	1.5570905457565296	-0.9436836441229026	0	0	3.6
0.4870999952683527	-3.613437238068922	2.3886851413836245	-3.6130643779429663	1.5784635445822177	-0.9433858338040737	1.5641064521800474	-0.9433359303036831	0	0	3.61
0.502976231973827	-3.6228722023321502	2.4042742362410556	-3.6224983441361864	1.5854883939654045	-0.9430380540016124	1.5711271239767786	-0.9429881636276819	0	0	3.62
0.5189227432381822	-3.632303688773003	2.419933522105638	-3.6319288327695607	1.5925180178191385	-0.94269022126199	1.5781525675276085	-0.9426403440408856	0	0	3.63
0.5349395768196051	-3.6417316968619535	2.4356630466812303	-3.6413558433140896	1.599552422539206	-0.9423423355310404	1.5851827892259018	-0.9422924714891799	0	0	3.64
0.5510267805402443	-3.6511562260689336	2.4514628577356037	-3.650779375240232	1.606591614533907	-0.9419943967544957	1.5922177954775358	-0.941944545918349	0	0	3.65
0.5671844022863354	-3.660577275863331	2.4673330031005674	-3.6601994280179064	1.613635600224087	-0.9416464048779862	1.5992575927009303	-0.9415965672740747	0	0	3.66
0.5834124900083258	-3.6699948457139895	2.4832735306720948	-3.669616001116487	1.6206843860431703	-0.94129835984704	1.6063021873270815	-0.9412485355019372	0	0	3.67
0.5997110917210016	-3.6794089350892083	2.499284488410449	-3.679029094004804	1.6277379784371917	-0.9409502616070827	1.6133515857995941	-0.9409004505474143	0	0	3.68
0.6160802555036123	-3.6888195434567406	2.5153659243403075	-3.688438706151143	1.6347963838648278	-0.9406021101034371	1.6204057945747126	-0.9405523123558812	0	0	3.69
0.6325200294999986	-3.698226670283792	2.5315178865508914	-3.6978448370232435	1.6418596087974298	-0.9402539052813231	1.6274648201213533	-0.9402041208726101	0	0	3.7
0.649030461918718	-3.7076303150370205	2.5477404231960894	-3.707247486088298	1.6489276597190563	-0.9399056470858574	1.6345286689211378	-0.9398558760427701	0	0	3.71
0.6656116010331726	-3.717030477182534	2.5640335824945857	-3.71664665281295	1.6560005431265066	-0.9395573354620532	1.6415973474684262	-0.939507577811427	0	0	3.72
0.6822634951817359	-3.726427156185892	2.580397412729987	-3.726042336663295	1.6630782655293515	-0.9392089703548195	1.6486708622703474	-0.9391592261235426	0	0	3.73
0.6989861927678809	-3.7358203515121007	2.596831962250952	-3.735434537104878	1.670160833449967	-0.9388605517089614	1.655749219846834	-0.938810820923975	0	0	3.74
0.715779742260308	-3.745210062625615	2.6133372794713168	-3.7448232536026924	1.6772482534235673	-0.9385120794691798	1.6628324267306538	-0.938462362157478	0	0	3.75
0.7326441921930735	-3.7545962889903364	2.629913412870224	-3.75420848562118	1.6843405319982383	-0.9381635535800708	1.6699204894674442	-0.9381138497687007	0	0	3.7600000000000002
0.749579591165718	-3.763979030069612	2.6465604109922527	-3.763590232624228	1.6914376757349692	-0.9378149739861252	1.6770134146157436	-0.9377652837021874	0	0	3.77
0.7665859878433957	-3.7733582853262333	2.663278322447546	-3.7729684940751707	1.6985396912076864	-0.9374663406317294	1.6841112087470258	-0.9374166639023774	0	0	3.7800000000000002
0.7836634309570035	-3.7827340542224355	2.6800671959119406	-3.782343269436786	1.7056465850032876	-0.9371176534611637	1.6912138784457322	-0.9370679903136049	0	0	3.79
0.800811969303311	-3.7921063362198963	2.696927080127097	-3.791714558171295	1.7127583637216737	-0.9367689124186028	1.698321430309307	-0.936719262880098	0	0	3.8000000000000003
0.8180316517450901	-3.8014751307797345	2.7138580239006287	-3.8010823597403633	1.7198750339757838	-0.9364201174481153	1.7054338709482288	-0.9363704815459789	0	0	3.81
0.8353225272112458	-3.8108404373625095	2.730860076106233	-3.8104466736050955	1.7269966023916274	-0.9360712684936634	1.7125512069860451	-0.936021646255264	0	0	3.8200000000000003
0.8526846446969465	-3.82020225542822	2.747933285683822	-3.819807499226038	1.734123075608319	-0.9357223654991029	1.7196734450594056	-0.9356727569518627	0	0	3.83
0.8701180532637554	-3.8295605844363028	2.765077701639653	-3.8291648360631756	1.7412544602781113	-0.9353734084081824	1.7268005918180962	-0.9353238135795777	0	0	3.84
0.8876228020397613	-3.8389154238456316	2.7822933730464587	-3.8385186835759324	1.74839076306643	-0.9350243971645434	1.7339326539250737	-0.9349748160821052	0	0	3.85
0.9051989402197111	-3.8482667731145166	2.7995803490435813	-3.8478690412231686	1.755531990651907	-0.9346753317117202	1.741069638056498	-0.9346257644030332	0	0	3.86
0.9228465170651413	-3.8576146317007027	2.8169386788371034	-3.857215908463181	1.7626781497264143	-0.9343262119931389	1.7482115509017677	-0.9342766584858426	0	0	3.87
0.9405655819045102	-3.866958999061369	2.8343684116999794	-3.8665592847537016	1.7698292469951	-0.933977037952118	1.7553583991635549	-0.9339274982739063	0	0	3.88
0.9583561841333311	-3.876299874653127	2.8518695969721697	-3.8758991695518956	1.776985289176421	-0.9336278095318669	1.7625101895578372	-0.9335782837104888	0	0	3.89
0.9762183732143054	-3.8856372579320206	2.869442284060772	-3.8852355623143615	1.7841462830021768	-0.9332785266754873	1.7696669288139342	-0.9332290147387461	0	0	3.9
0.9941521986774553	-3.8949711483535236	2.8870865224401574	-3.8945684624971295	1.7913122352175463	-0.9329291893259714	1.7768286236745414	-0.9328796913017258	0	0	3.91
1.0121577101202586	-3.90430154537254	2.9048023616521004	-3.9038978695556605	1.7984831525811211	-0.932579797426202	1.7839952808957653	-0.9325303133423656	0	0	3.92
1.0302349572077818	-3.913628448443401	2.9225898513059168	-3.9132237829448453	1.80565904186494	-0.9322303509189531	1.791166907247157	-0.9321808808034947	0	0	3.93
1.0483839896728153	-3.9229518570198674	2.940449041078595	-3.9225462021190025	1.8128399098545254	-0.9318808497468882	1.7983435095117482	-0.931831393627832	0	0	3.94
1.066604857316008	-3.9322717705551242	2.958379980714932	-3.9318651265318785	1.8200257633489163	-0.9315312938525612	1.8055250944860866	-0.9314818517579867	0	0	3.95
1.0848976100060022	-3.941588188501783	2.976382720027669	-3.9411805556366457	1.8272166091607056	-0.931181683178415	1.8127116689802696	-0.9311322551364577	0	0	3.96
1.103262297679569	-3.9509011103118783	2.994457308897627	-3.950492488885902	1.834412454116073	-0.9308320176667826	1.8199032398179804	-0.9307826037056333	0	0	3.97
1.1216989703417448	-3.9602105354368686	3.012603797273841	-3.959800925731669	1.8416133050548222	-0.9304822972598853	1.8270998138365235	-0.9304328974077909	0	0	3.98
1.1402076780659673	-3.9695164633276336	3.0308222351736975	-3.969105865625392	1.848819168830416	-0.9301325218998333	1.8343013978868596	-0.9300831361850965	0	0	3.99
1.1587884709942116	-3.978818893434474	3.0491126726830706	-3.9784073080179376	1.8560300523100108	-0.9297826915286255	1.8415079988336416	-0.9297333199796053	0	0	4.0
1.1774413993371273	-3.9881178252071097	3.067475159956459	-3.987705252359593	1.863245962374494	-0.9294328060881483	1.84871962355525	-0.9293834487332598	0	0	4.01
1.1961665133741761	-3.9974132580946797	3.0859097472171233	-3.996999698100065	1.8704669059185182	-0.9290828655201764	1.8559362789438298	-0.9290335223878913	0	0	4.0200000000000005
1.2149638634537694	-4.00670519154574	3.104416484757223	-4.00629064468848	1.8776928898505387	-0.9287328697663718	1.8631579719053246	-0.928683540885218	0	0	4.03
1.2338334999934057	-4.015993625008264	3.122995422937955	-4.0155780915733805	1.8849239210928477	-0.9283828187682839	1.8703847093595134	-0.9283335041668461	0	0	4.04
1.25277547347981	-4.025278557929638	3.1416466121896924	-4.024862038202725	1.8921600065816118	-0.9280327124673488	1.8776164982400476	-0.9279834121742684	0	0	4.05
1.2717898344690712	-4.034559989756663	3.1603701030121223	-4.0341424840238895	1.8994011532669084	-0.9276825508048888	1.8848533454944865	-0.9276332648488643	0	0	4.0600000000000005
1.2908766335867823	-4.043837919935555	3.179165945974385	-4.043419428483661	1.9066473681127607	-0.9273323337221131	1.8920952580843327	-0.9272830621318997	0	0	4.07
1.3100359215281794	-4.05311234791194	3.1980341917152133	-4.052692871028241	1.9138986580971755	-0.9269820611601167	1.8993422429850713	-0.9269328039645269	0	0	4.08
1.3292677490582814	-4.062383273130853	3.216974890943073	-4.061962811103243	1.9211550302121805	-0.92663173305988	1.9065943071862037	-0.9265824902877836	0	0	4.09
1.3485721670120303	-4.071650695036741	3.235988094436302	-4.0712292481536885	1.928416491463858	-0.9262813493622687	1.9138514576912862	-0.926232121042593	0	0	4.1
1.3679492262944317	-4.080914613073459	3.2550738530432524	-4.080492181624012	1.9356830488723855	-0.925930910008034	1.921113701517966	-0.9258816961697637	0	0	4.11
1.3873989778806959	-4.090175026684268	3.274232217682428	-4.089751610958055	1.9429547094720696	-0.9255804149378111	1.928381045698018	-0.9255312156099887	0	0	4.12
1.406921472816379	-4.099431935311834	3.29346323934263	-4.099007535599066	1.9502314803113854	-0.9252298640921203	1.935653497277383	-0.9251806793038462	0	0	4.13
1.4265167622175245	-4.108685338398232	3.3127669690830954	-4.108259954989698	1.9575133684530117	-0.9248792574113656	1.9429310633162031	-0.9248300871917979	0	0	4.14
1.4461848972708053	-4.117935235384936	3.33214345803364	-4.117508868572012	1.9648003809738708	-0.9245285948358348	1.9502137508888617	-0.9244794392141901	0	0	4.15
1.4659259292336666	-4.127181625712826	3.3515927573948012	-4.1267542757874685	1.972092524965163	-0.9241778763056994	1.957501567084018	-0.924128735311252	0	0	4.16
1.4857399094344677	-4.136424508822181	3.3711149184379794	-4.135996176076934	1.9793898075324072	-0.9238271017610137	1.9647945190046465	-0.9237779754230966	0	0	4.17
1.505626889272626	-4.145663884152681	3.3907099925055824	-4.145234568880675	1.9866922357954755	-0.9234762711417146	1.9720926137680743	-0.9234271594897193	0	0	4.18
1.5255869202187602	-4.154899751143405	3.4103780310111684	-4.1544694536383595	1.993999816888634	-0.9231253843876223	1.9793958585060185	-0.9230762874509988	0	0	4.19
1.5456200538148341	-4.164132109232829	3.43011908543959	-4.163700829789051	2.001312557960579	-0.9227744414384382	1.9867042603646248	-0.9227253592466955	0	0	4.2
1.5657263416743015	-4.173360957858828	3.4499332073471383	-4.172928696771215	2.0086304661744756	-0.9224234422337464	1.9940178265045052	-0.922374374816452	0	0	4.21
1.5859058354822495	-4.182586296458671	3.469820448361687	-4.18215305402271	2.015953548707995	-0.9220723867130118	2.0013365641007757	-0.9220233340997928	0	0	4.22
1.6061585869955453	-4.191808124469019	3.489780860182838	-4.191373900980794	2.0232818127533547	-0.921721274815581	2.008660480343096	-0.921672237036123	0	0	4.23
1.62648464804298	-4.201026441325929	3.5098144945820673	-4.200591237082116	2.030615265517355	-0.9213701064806811	2.015989582435706	-0.9213210835647296	0	0	4.24
1.6468840705254155	-4.21024124646485	3.5299214034028696	-4.209805061762718	2.037953914221419	-0.92101888164742	2.023323877597467	-0.9209698736247797	0	0	4.25
1.6673569064159304	-4.219452539320621	3.550101638560905	-4.219015374458036	2.045297766101631	-0.9206676002547858	2.030663373061898	-0.9206186071553211	0	0	4.26
1.687903207759966	-4.228660319327469	3.570355252044146	-4.2282221746028945	2.0526468284087738	-0.9203162622416462	2.038008076077215	-0.9202672840952812	0	0	4.2700000000000005
1.7085230266754747	-4.237864585919012	3.5906822959130236	-4.23742546163151	2.06000110840837	-0.9199648675467489	2.04535799390637	-0.9199159043834674	0	0	4.28
1.7292164153530656	-4.247065338528253	3.6110828223005744	-4.246625234977485	2.067360613380719	-0.9196134161087203	2.052713133827092	-0.9195644679585665	0	0	4.29
1.7499834260561535	-4.256262576587581	3.6315568834125895	-4.25582149407381	2.074725350620938	-0.9192619078660661	2.0600735031319224	-0.919212974759144	0	0	4.3
1.7708241111211065	-4.265456299528771	3.6521045315277623	-4.265014238352862	2.0820953274390006	-0.9189103427571702	2.0674391091282596	-0.9188614247236441	0	0	4.3100000000000005
1.7917385229573946	-4.274646506782981	3.6727258189978356	-4.274203467246401	2.089470551159775	-0.9185587207202951	2.0748099591383924	-0.9185098177903899	0	0	4.32
1.8127267140477388	-4.28383319778075	3.693420798247752	-4.283389180185571	2.0968510291230666	-0.9182070416935807	2.0821860604995446	-0.9181581538975818	0	0	4.33
1.8337887369482604	-4.293016371951999	3.714189521775803	-4.2925713766009	2.1042367686836543	-0.917855305615045	2.0895674205639114	-0.9178064329832987	0	0	4.34
1.8549246442886307	-4.302196028726029	3.7350320421537786	-4.301750055922295	2.111627777211333	-0.9175035124225828	2.096954046698702	-0.9174546549854959	0	0	4.3500000000000005
1.8761344887722207	-4.31137216753152	3.755948412027116	-4.310925217579044	2.119024062090952	-0.9171516620539658	2.104345946286177	-0.9171028198420064	0	0	4.36
1.8974183231762523	-4.320544787796527	3.776938684115052	-4.320096860999811	2.1264256307224554	-0.9167997544468423	2.1117431267236895	-0.9167509274905394	0	0	4.37
1.9187762003519488	-4.329713888948484	3.7980029112107734	-4.329264985612642	2.1338324905209234	-0.9164477895387367	2.119145595423727	-0.916398977868681	0	0	4.38
1.9402081732246863	-4.338879470414197	3.819141146181567	-4.338429590844955	2.14124464891661	-0.9160957672670493	2.126553359813948	-0.9160469709138925	0	0	4.39
1.9617142947941455	-4.348041531619849	3.840353441968973	-4.347590676123543	2.148662113354988	-0.915743687569056	2.133966427337227	-0.9156949065635115	0	0	4.4
1.9832946181344637	-4.3572000719909925	3.861639851588936	-4.356748240874576	2.156084891296785	-0.9153915503819077	2.141384805451691	-0.9153427847547507	0	0	4.41
2.0049491963943877	-4.366355090952552	3.8830004281319583	-4.365902284523592	2.163512990218027	-0.9150393556426298	2.1488085016307648	-0.9149906054246973	0	0	4.42
2.0266780827974262	-4.375506587928822	3.9044352247632514	-4.375052806495503	2.1709464176100792	-0.9146871032881227	2.156237523363207	-0.9146383685103138	0	0	4.43
2.0484813306420033	-4.384654562343465	3.9259442947228913	-4.384199806214591	2.178385180979685	-0.9143347932551604	2.163671878153154	-0.9142860739484362	0	0	4.44
2.0703589933016127	-4.393799013619513	3.9475276913259703	-4.393343283104504	2.1858292878490087	-0.9139824254803911	2.171111573520161	-0.913933721675775	0	0	4.45
2.0923111242249712	-4.402939941179361	3.969185467962752	-4.402483236588259	2.193278745755677	-0.9136299999003361	2.1785566169992423	-0.9135813116289142	0	0	4.46
2.1143377769361744	-4.4120773444447705	3.9909176780988265	-4.4116196660882405	2.2007335622528212	-0.9132775164513895	2.186007016140914	-0.9132288437443103	0	0	4.47
2.13643900503485	-4.421211222836867	4.012724375275265	-4.420752571026195	2.2081937449091162	-0.9129249750698186	2.193462778511235	-0.9128763179582933	0	0	4.48
2.1586148621963153	-4.430341575776136	4.034605613108772	-4.429881950823233	2.215659301308824	-0.912572375691763	2.2009239116918473	-0.9125237342070657	0	0	4.49
2.180865402171731	-4.439468402682428	4.056561445291847	-4.4390078048998305	2.223130239051835	-0.9122197182532337	2.20839042328002	-0.9121710924267016	0	0	4.5
2.203190678788258	-4.448591702974948	4.078591925592938	-4.4481301326758205	2.230606565753712	-0.9118670026901137	2.215862320888692	-0.9118183925531471	0	0	4.51
2.2255907459492157	-4.457711476072264	4.100697107856595	-4.457248933570397	2.2380882890457285	-0.911514228938157	2.22333961214651	-0.9114656345222198	0	0	4.5200000000000005
2.2480656576342373	-4.466827721392298	4.122877046003632	-4.466364207002113	2.245575416574914	-0.9111613969329893	2.2308223046978752	-0.9111128182696084	0	0	4.53
2.2706154678994275	-4.475940438352331	4.145131794031282	-4.475475952388877	2.253067956004097	-0.9108085066101057	2.238310406202984	-0.9107599437308721	0	0	4.54
2.293240230877521	-4.485049626368995	4.167461406013353	-4.484584169147957	2.2605659150119424	-0.910455557904872	2.245803924337869	-0.9104070108414403	0	0	4.55
2.315940000778041	-4.4941552848582775	4.189865936100392	-4.493688856695971	2.268069301293002	-0.9101025507525239	2.2533028667944452	-0.9100540195366126	0	0	4.5600000000000005
2.3387148318874575	-4.503257413235517	4.212345438519837	-4.502790014448892	2.2755781225577523	-0.9097494850881664	2.2608072412805504	-0.9097009697515581	0	0	4.57
2.3615647785693468	-4.512356010915404	4.234899967576182	-4.511887641822047	2.2830923865326365	-0.9093963608467736	2.268317055519988	-0.909347861421315	0	0	4.58
2.384489895264551	-4.521451077311976	4.257529577651133	-4.52098173823011	2.2906121009601113	-0.9090431779631881	2.2758323172525707	-0.9089946944807905	0	0	4.59
2.4074902364913373	-4.530542611838621	4.280234323203769	-4.530072303087107	2.2981372735986874	-0.9086899363721211	2.2833530342341644	-0.9086414688647603	0	0	4.6000000000000005
2.4305658568455613	-4.539630613908072	4.303014258770702	-4.539159335806411	2.3056679122229755	-0.9083366360081514	2.290879214236732	-0.9082881845078677	0	0	4.61
2.453716811000824	-4.548715082932407	4.325869438966239	-4.548242835800741	2.3132040246237278	-0.9079832768057259	2.2984108650483743	-0.9079348413446248	0	0	4.62
2.476943153708636	-4.557796018323051	4.348799918482545	-4.557322802482163	2.3207456186078814	-0.9076298586991581	2.3059479944733767	-0.9075814393094097	0	0	4.63
2.500244939798579	-4.5668734194907685	4.371805752089798	-4.566399235262085	2.3282927019986053	-0.9072763816226289	2.3134906103322526	-0.9072279783364687	0	0	4.64
2.523622224178467	-4.5759472858456665	4.394886994636359	-4.575472133551259	2.3358452826353395	-0.9069228455101852	2.3210387204617846	-0.9068744583599139	0	0	4.65
2.5470750618345095	-4.585017616797192	4.41804370104893	-4.58454149675978	2.3434033683738433	-0.9065692502957404	2.3285923327150724	-0.906520879313724	0	0	4.66
2.5706035078314753	-4.594084411754131	4.44127592633272	-4.5936073242970785	2.3509669670862383	-0.906215595913073	2.3361514549615747	-0.9061672411317435	0	0	4.67
2.594207617312855	-4.603147670124606	4.4645837255716065	-4.602669615571927	2.3585360866610507	-0.9058618822958273	2.3437160950871543	-0.9058135437476823	0	0	4.68
2.6178874455010255	-4.612207391316078	4.487967153928299	-4.611728369992436	2.3661107350032613	-0.9055081093775125	2.3512862609941236	-0.9054597870951153	0	0	4.69
2.641643047697415	-4.621263574735339	4.511426266644506	-4.620783586966049	2.3736909200343437	-0.9051542770915022	2.358861960601287	-0.9051059711074825	0	0	4.7
2.6654744792826675	-4.630316219788518	4.534961119041097	-4.629835265899547	2.3812766496923143	-0.904800385371034	2.3664432018439894	-0.9047520957180876	0	0	4.71
2.6893817957168076	-4.639365325881072	4.558571766518271	-4.638883406199041	2.3888679319317747	-0.9044464341492099	2.3740299926741577	-0.9043981608600987	0	0	4.72
2.713365052539407	-4.648410892417791	4.582258264555718	-4.647928007269979	2.3964647747239574	-0.9040924233589945	2.3816223410603476	-0.9040441664665476	0	0	4.73
2.7374243053697507	-4.657452918802796	4.60602066871279	-4.656969068517133	2.40406718605677	-0.903738352933216	2.3892202549877886	-0.9036901124703286	0	0	4.74
2.7615596099070037	-4.666491404439531	4.629859034628663	-4.666006589344611	2.411675173934846	-0.9033842228045647	2.3968237424584315	-0.9033359988041991	0	0	4.75
2.7857710219303784	-4.675526348730771	4.65377341802251	-4.675040569155843	2.4192887463795825	-0.9030300329055934	2.4044328114909903	-0.9029818254007791	0	0	4.76
2.8100585972993017	-4.684557751078613	4.677763874693661	-4.68407100735359	2.426907911429192	-0.9026757831687171	2.412047470120991	-0.9026275921925505	0	0	4.7700000000000005
2.8344223919535834	-4.6935856108844805	4.701830460521779	-4.693097903339934	2.434532677138746	-0.9023214735262115	2.4196677264008155	-0.9022732991118565	0	0	4.78
2.8588624619135845	-4.702609927549117	4.725973231467021	-4.702121256516284	2.44216305158022	-0.901967103910214	2.42729358839975	-0.9019189460909018	0	0	4.79
2.8833788632803867	-4.711630700472589	4.750192243570214	-4.711141066283369	2.4497990428425447	-0.9016126742527218	2.43492506420403	-0.9015645330617518	0	0	4.8
2.907971652235962	-4.720647929054279	4.774487552953019	-4.720157332041239	2.457440659031646	-0.9012581844855934	2.4425621619168862	-0.9012100599563321	0	0	4.8100000000000005
2.932640885043342	-4.729661612692892	4.798859215818104	-4.729170053189267	2.4650879082704957	-0.9009036345405462	2.450204889658592	-0.9008555267064285	0	0	4.82
2.957386618046788	-4.738671750786446	4.823307288449312	-4.738179229126139	2.472740798699157	-0.9005490243491578	2.457853255566509	-0.9005009332436866	0	0	4.83
2.9822089076719633	-4.747678342732278	4.847831827211834	-4.747184859249861	2.4803993384748306	-0.9001943538428642	2.4655072677951364	-0.9001462794996109	0	0	4.84
3.0071078104261035	-4.756681387927035	4.872432888552381	-4.756186942957754	2.4880635357719054	-0.89983962295296	2.473166934516156	-0.8997915654055644	0	0	4.8500000000000005
3.0320833828981884	-4.76568088576668	4.897110528999351	-4.765185479646451	2.495733398782	-0.8994848316105989	2.480832263918479	-0.8994367908927693	0	0	4.86
3.057135681759114	-4.774676835646485	4.921864805163006	-4.7741804687119	2.503408935714015	-0.8991299797467915	2.488503264208296	-0.8990819558923052	0	0	4.87
3.0822647637618674	-4.783669236961032	4.9466957737356445	-4.783171909549357	2.511090154794179	-0.8987750672924062	2.496179943609121	-0.8987270603351092	0	0	4.88
3.107470685741696	-4.792658089104211	4.971603491491773	-4.792159801553391	2.5187770642660943	-0.8984200941781683	2.503862310361843	-0.898372104151976	0	0	4.89
3.1327535046162853	-4.801643391469221	4.996588015288277	-4.801144144117877	2.5264696723907867	-0.8980650603346597	2.51155037272477	-0.8980170872735567	0	0	4.9
3.158113277385931	-4.810625143448563	5.021649402064602	-4.810124936635996	2.534167987446755	-0.8977099656923185	2.5192441389736793	-0.8976620096303588	0	0	4.91
3.1835500611337126	-4.819603344434045	5.046787708842922	-4.819102178500239	2.541872017730015	-0.8973548101814385	2.526943617401865	-0.8973068711527458	0	0	4.92
3.2090639130256724	-4.828577993816774	5.072002992728319	-4.828075869102394	2.549581771554152	-0.8969995937321688	2.5346488163201877	-0.8969516717709365	0	0	4.93
3.234654890310987	-4.837549090987161	5.097295310908954	-4.837046007833557	2.557297257250368	-0.8966443162745136	2.542359744057121	-0.8965964114150051	0	0	4.94
3.2603230503221456	-4.8465166353349165	5.122664720656247	-4.846012594084122	2.565018483167529	-0.8962889777383315	2.5500764089588026	-0.8962410900148804	0	0	4.95
3.286068450475126	-4.855480626249047	5.148111279325053	-4.8549756272437845	2.5727454576722155	-0.8959335780533351	2.55779881938908	-0.8958857075003451	0	0	4.96
3.311891148269572	-4.864441063117859	5.173635044353836	-4.863935106701536	2.5804781891487707	-0.8955781171490906	2.5655269837295616	-0.8955302638010362	0	0	4.97
3.337791201288971	-4.87339794532895	5.199236073264851	-4.872891031845666	2.58821668599935	-0.8952225949550178	2.5732609103796653	-0.8951747588464438	0	0	4.98
3.363768667200832	-4.882351272269214	5.224914423664318	-4.881843402063758	2.5959609566439688	-0.8948670114003889	2.5810006077566685	-0.894819192565911	0	0	4.99